000000000000000000000000 000000000001000111110111           10

          00000000000000           01000111110111           after

000000000000100111111011 000000000001100111110011           10

000000000000000111111111 000000000000111111111000           11

000000000000100111111011 000000000000010111111101           11

000000000000000000000000 000000000000110111111001           11

111111111111011000000101 000000000000010111111101           11

111111111111111000000001 000000000000111111111000           11

          11111000000001           00111111111000           after

111111111111011000000101 000000000001100111110011           10

///////////////////////////////////////////////////////////////////////////////

000000000001000111110111 000000000000000000000000           10

000000000001100111110011 111111111111011000000101           10

000000000000111111111000 111111111111111000000001           12

          00111111111000           11111000000001           after

000000000000010111111101 111111111111011000000101           12

000000000000110111111001 000000000000000000000000           11

000000000000010111111101 000000000000100111111011           11

000000000000111111111000 000000000000000111111111           11

000000000001100111110011 000000000000100111111011           10

          01100111110011           00100111111011           after

///////////////////////////////////////////////////////////////////////////////

000000000000000000000000 111111111110111000000000           10

111111111111011000000000 111111111110011000000000           10

111111111111111000000000 111111111111000000000000           11

111111111111011000000000 111111111111101000000000           11

          11011000000000           11101000000000           after

000000000000000000000000 111111111111001000000000           11

          00000000000000           11001000000000           after

000000000000101000000000 111111111111101000000000           11

000000000000001000000000 111111111111000000000000           11

000000000000101000000000 111111111110011000000000           10

///////////////////////////////////////////////////////////////////////////////

111111111110111000000000 000000000000000000000000           10

111111111110011000000000 000000000000101000000000           10

111111111111000000000000 000000000000001000000000           11

111111111111101000000000 000000000000101000000000           11

111111111111001000000000 000000000000000000000000           11
 
111111111111101000000000 111111111111011000000000           11

          11101000000000           11011000000000           after

111111111111000000000000 111111111111111000000000           11

111111111110011000000000 111111111111011000000000           10

          10011000000000           11011000000000           after







