120
124
13
22
95
6
9
62
108
127
0
69
110
116
108
112
95
15
65
21
106
118
21
113
49
48
34
111
94
57
90
120
22
31
82
103
109
50
14
10
46
106
27
101
83
3
100
118
63
106
16
97
118
106
33
27
66
50
61
127
77
120
62
56
98
95
56
6
11
102
83
4
71
92
14
27
103
17
112
118
1
48
21
69
13
5
119
124
46
82
8
26
5
60
19
126
54
122
92
74
69
90
0
100
118
1
105
98
127
29
117
82
13
34
97
103
13
60
28
118
41
109
33
112
24
97
4
82
72
48
27
101
18
62
1
23
62
107
18
93
88
4
62
124
14
95
81
76
63
72
54
9
37
71
81
119
125
11
84
77
60
45
60
85
122
11
102
75
116
12
37
6
64
98
36
28
42
58
94
65
48
115
123
80
16
79
49
126
36
90
68
24
88
6
23
5
113
107
15
52
15
73
121
32
126
44
26
85
124
79
8
47
21
29
6
115
101
47
106
96
79
50
45
11
43
70
58
82
65
104
12
59
75
23
78
6
73
107
63
56
19
3
96
101
37
14
48
106
107
85
122
120
14
82
61
8
114
63
98
7
33
83
17
81
49
98
83
48
38
43
117
58
56
58
120
28
112
2
43
98
43
79
57
1
76
77
83
43
63
89
113
7
12
83
97
126
16
46
86
48
110
37
17
86
25
111
96
53
0
19
35
111
76
41
36
55
115
118
64
80
